-6,00780e+0 -8,81667e-4
-5,83337e+0 -1,60958e-3
-5,83337e+0 -1,60958e-3
-5,68498e+0 -1,97354e-3
-5,53659e+0 -1,97354e-3
-5,38039e+0 -1,97354e-3
-5,23460e+0 -1,97354e-3
-5,06017e+0 -1,24562e-3
-4,90397e+0 -8,81667e-4
-4,75558e+0 -8,81667e-4
-4,61500e+0 -5,17711e-4
-4,48222e+0 -8,81667e-4
-4,34424e+0 -5,17711e-4
-4,22449e+0 2,10202e-4
-4,10734e+0 2,75790e-3
-3,97977e+0 5,66955e-3
-3,88084e+0 1,22208e-2
-3,78712e+0 2,02278e-2
-3,70381e+0 2,93267e-2
-3,61270e+0 3,95175e-2
-3,52939e+0 5,29839e-2
-3,45649e+0 6,68142e-2
-3,39401e+0 7,95527e-2
-3,32633e+0 9,37470e-2
-3,26384e+0 1,07577e-1
-3,19876e+0 1,21408e-1
-3,14669e+0 1,34146e-1
-3,10504e+0 1,45065e-1
-3,05818e+0 1,55983e-1
-2,99049e+0 1,67994e-1
-2,93061e+0 1,80732e-1
-2,86293e+0 1,93107e-1
-2,79263e+0 2,00750e-1
-2,73015e+0 2,06937e-1
-2,65726e+0 2,10941e-1
-2,56614e+0 2,12397e-1
-2,47763e+0 2,08393e-1
-2,40473e+0 2,01478e-1
-2,33965e+0 1,92015e-1
-2,27717e+0 1,82916e-1
-2,21729e+0 1,71634e-1
-2,16262e+0 1,60351e-1
-2,10274e+0 1,49068e-1
-2,06109e+0 1,38150e-1
-2,00381e+0 1,24683e-1
-1,94914e+0 1,13037e-1
-1,89447e+0 1,01754e-1
-1,83980e+0 8,86516e-2
-1,77992e+0 7,70050e-2
-1,72525e+0 6,64502e-2
-1,65496e+0 5,48036e-2
-1,59248e+0 4,38850e-2
-1,53260e+0 3,62419e-2
-1,46752e+0 2,85988e-2
-1,39202e+0 2,27755e-2
-1,31131e+0 1,84080e-2
-1,23321e+0 1,73161e-2
-1,16032e+0 1,65882e-2
-1,08222e+0 1,80441e-2
-1,02234e+0 2,20476e-2
-9,57256e-1 2,75069e-2
-8,94775e-1 3,33302e-2
-8,32294e-1 4,24291e-2
-7,62003e-1 5,11641e-2
-6,99522e-1 6,17188e-2
-6,52661e-1 7,15456e-2
-6,03197e-1 8,21004e-2
-5,53733e-1 9,37470e-2
-5,06872e-1 1,05030e-1
-4,65218e-1 1,16676e-1
-4,18358e-1 1,31962e-1
-3,68893e-1 1,44337e-1
-3,19429e-1 1,60351e-1
-2,72569e-1 1,76001e-1
-2,43931e-1 1,89103e-1
-2,17898e-1 1,98566e-1
-1,76244e-1 2,10577e-1
-1,42400e-1 2,22951e-1
-1,11159e-1 2,33506e-1
-7,21088e-2 2,46973e-1
-4,08684e-2 2,58619e-1
7,85621e-4 2,72813e-1
5,02497e-2 2,86644e-1
9,45071e-2 3,00110e-1
1,23144e-1 3,11029e-1
1,62195e-1 3,23767e-1
2,11659e-1 3,36142e-1
2,58520e-1 3,46697e-1
3,10587e-1 3,56887e-1
3,80878e-1 3,66714e-1
4,38152e-1 3,73265e-1
5,21460e-1 3,76905e-1
6,07372e-1 3,75813e-1
6,80266e-1 3,69262e-1
7,34937e-1 3,61255e-1
7,89608e-1 3,53248e-1
8,49485e-1 3,43057e-1
8,96346e-1 3,33594e-1
9,48414e-1 3,20492e-1
9,87464e-1 3,07753e-1
1,02651e+0 2,96107e-1
1,06296e+0 2,84460e-1
1,10201e+0 2,72449e-1
1,13586e+0 2,60803e-1
1,17230e+0 2,49156e-1
1,20615e+0 2,38602e-1
1,24259e+0 2,25863e-1
1,28165e+0 2,13489e-1
1,31809e+0 2,02206e-1
1,36235e+0 1,87648e-1
1,39619e+0 1,76001e-1
1,42743e+0 1,65082e-1
1,45086e+0 1,53800e-1
1,47950e+0 1,43973e-1
1,51855e+0 1,31962e-1
1,55500e+0 1,21772e-1
1,59926e+0 1,10125e-1
1,64612e+0 9,73865e-2
1,68777e+0 8,68318e-2
1,72422e+0 7,70050e-2
1,77629e+0 6,46305e-2
1,82835e+0 5,51676e-2
1,87521e+0 4,64326e-2
1,93509e+0 3,87896e-2
1,99497e+0 3,18744e-2
2,06266e+0 2,45953e-2
2,13295e+0 1,80441e-2
2,20584e+0 1,18568e-2
2,28915e+0 7,12537e-3
2,36986e+0 2,39394e-3
2,46097e+0 5,74158e-4
2,54949e+0 5,74158e-4
2,63800e+0 5,74158e-4
2,72652e+0 5,74158e-4
2,80983e+0 2,10202e-4
2,91136e+0 9,38114e-4
2,97904e+0 1,30207e-3
